
(1533.83, 12871.6); (1631.67, 9404.23); (1659.64, 9225.26); (1718.32, 8770.34); (1801.39, 8564.07); (1813.04, 8257.81); (1907.4, 8146.07); (1941.44, 7821.68); (2038.21, 7778.72); (2065.15, 7691.18); (2115.34, 7591.92); (2199.34, 7586.34); (2212.87, 7538.63); (2222.79, 7502.31); (2228.86, 7487.08); (2245.64, 7471.43); (2352.69, 7433.8); (2376, 7418.15); (2388.19, 7384.38); (2397.96, 7366.6); (2520.36, 7331.1); (2521.43, 7313.31); (2640.57, 7302.01); (2686.2, 7261.96); (2781.66, 7250.75); (2800.48, 7250.67); (2860.46, 7212.77); (2945.27, 7199.41); (3120.77, 7150.21)
(1552.56, 12789.3); (1650.78, 12403); (1673.04, 12369.2); (1761.64, 9829.49); (1790.73, 9426.66); (1809.31, 8314.17); (1825.96, 8220.86); (1879.11, 6918.81); (1923.9, 6892.58); (2040.05, 6868.92); (2043.43, 6759.43); (2054.48, 6733.64); (2061.03, 6519.36); (2087.18, 6416.92); (2159.12, 6139.42); (2215.56, 6086.55); (2264.89, 6083.45); (2298.75, 6013.16); (2348, 6008.42); (2348.08, 5890.22); (2352.4, 5837.35); (2383.04, 5835.23); (2435.59, 5808.81); (2484.92, 5763.97); (2514.18, 5761.85); (2532.79, 5738.54); (2552.94, 5735.42); (2614.5, 5714.18); (2640.12, 5712.06); (2650.56, 5688.75); (2651.78, 5665.15); (2776.87, 5663.16); (2783.01, 5615.36); (2812.74, 5614.14); (2849.97, 5612.53); (2943.91, 5564.35); (2978.91, 5562.74); (3009.96, 5561.52); (3110.54, 5559.95); (3140.52, 5511.73); (3239.54, 5510.16); (3270.53, 5508.94); (3364.68, 5462.55); (3401.16, 5459.15); (3625.39, 5409.98)
(1510.74, 9213.54); (1521.28, 8735.21); (1563.65, 8609.85); (1595.26, 8585.31); (1610.25, 8548.97); (1650.13, 8531.17); (1686.29, 8435.34); (1715.49, 8294.95); (1722.33, 8151.93); (1784.25, 8053.39); (1836.41, 8014.16); (1861.31, 7977.65); (1902.48, 7938.41); (2049.17, 7916.27); (2097.61, 7877.03); (2272.49, 7857.98); (2309.31, 7821.74); (2321.02, 7818.75); (2535.73, 7763.46)
(1602.21, 10399.6); (1803.34, 10208.9)
(2488.62, 23546.8); (2542.71, 18427.6); (2576.8, 16142.9); (2633.01, 15620.8); (2636.24, 14354.5); (2812.07, 14012.7); (2954.45, 13961.5); (2998.16, 13934.2); (3022.51, 13909); (3066.92, 13661.4); (3136.5, 13613.8); (3139.42, 13610.2); (3208.55, 13561); (3254.45, 13526.5); (3263.7, 13280.9); (3264.22, 13262.5); (3405.85, 13104.4); (3615.77, 13053.2); (3815.36, 13034); (3919.51, 13030.2); (3922.72, 13003); (3977.06, 12982.9); (4205.4, 12953.4); (4271.5, 12933.2); (4286.26, 12932.7); (4569.97, 12883)
(3721.7, 26616.7); (3799.78, 26133.7); (3969.31, 24729.2)
(2871.15, 18348.1); (2971.21, 16553.8); (3195.02, 15819.9); (3273.87, 14537.7); (3296.64, 14462.4); (3368.96, 14111.7); (3403.95, 13367.7); (3645.6, 12920); (3789.31, 12901.5); (3872.17, 12886.5); (3877.95, 12878.5); (3898.78, 12830.1); (3983.65, 12823.4); (4060.28, 12810.4); (4095.43, 12788.6); (4104.19, 12782.8); (4225.28, 12733.5); (4276.47, 12720.5); (4358.64, 12713.8); (4487.01, 12673.2); (4600.27, 12623.9); (4828.33, 12620.7); (4869.65, 12620.3); (4952.65, 12571.4); (4981.07, 12571); (5208.95, 12567.8); (5329.46, 12518.5); (5846.92, 12516.6); (5966.63, 12467.3)
(3436.22, 15814.6); (3457.24, 15782.7); (3497.07, 15227.9); (3501.59, 15199.2); (3575.65, 15164.7); (3862.92, 15104)
(8074.82, 55221.6); (8213.08, 47135.7); (8256.44, 44050.7); (8570.61, 43995.9); (8674.88, 43109.9); (8840.67, 42539)
(5310.01, 31033.5); (5341.42, 29130.3); (5460.03, 29105.7); (5475.1, 28428.8); (5537.24, 28068.4); (5762.47, 27911.8); (5780.78, 25994.5); (6014.53, 25214.4); (6069.83, 25208.2); (6122.79, 24362.7); (6150.38, 24174.3); (6366.04, 23983.7); (6434.18, 23935.2); (6459.38, 23850.4); (6575.95, 23807.7); (6585.75, 23749.7); (6609.53, 23749.5); (6643.32, 23634.7); (6790.71, 23590.4); (6938.67, 23515.6); (6958.23, 23496.5); (6969.98, 23493); (7095.07, 23488.4); (7111.02, 23435.4); (7119.72, 23420); (7173.65, 23359.6); (7204.13, 23340.6); (7433.1, 23271.2); (7584.92, 23261.9); (7610.95, 23218); (7734.79, 23212.7); (7857.69, 23210.7); (7990.1, 23201.5); (8000.77, 23157.5); (8156.09, 23152.3); (8412.56, 23145.7); (8521.79, 23104.2); (8578.2, 23100); (8680.26, 23098.9); (8938.56, 23095.9); (8990.03, 23088.3); (9094.11, 23046.7); (9518.37, 23045.8); (9526.57, 23044.8); (9677.37, 22995.6)
(6624.2, 34973.3); (6729.22, 34790.3); (6778.12, 32595.3); (6793.2, 32589.9); (6829.53, 32509.1); (7048.61, 32406.3); (7185.54, 32147.4); (7443.26, 32052.9); (7622.34, 31959.9); (7940.38, 31895.5); (8034.69, 31885.7); (8127.03, 31878.8); (8181.86, 31792.6); (8654.48, 31723.5); (8726.84, 31711.6); (9050.39, 31664.8); (9205.63, 31642.4); (9336.53, 31633.3); (9512.67, 31595.7); (9590.59, 31583.7); (9802.76, 31564.1); (10058.1, 31514.6); (10533.6, 31501.7); (10785.2, 31452.1)
(7992.99, 46603.7); (7996.88, 39777.9); (8101.13, 37512.9); (8234.73, 33696.7); (8603.12, 33240.9); (8695.57, 32705)
(4152.1, 69189.4); (4281.52, 66443.1); (4383.09, 65269.8); (4417.06, 51624.9); (4950.44, 46491.3); (5022.44, 46202.3); (5051.32, 46150.4); (5113.08, 45341.4); (5192.54, 44095.1); (5325.45, 43478.8); (5593.49, 43308.2); (5635.78, 43093.9); (5705.94, 43077.1); (5757.89, 43027.8); (5758.61, 43017.9); (5818.34, 42984.4); (5845.82, 42976.8); (5847.73, 42920.2); (5913.87, 42887.5); (5946.13, 42861.3); (5995.37, 42839.9); (6107.08, 42817.1); (6121.62, 42786.3); (6267.94, 42753.5); (6361.04, 42734.8); (6370.02, 42704); (6519.3, 42698.8); (6569.48, 42697.7); (6655.35, 42693.3); (6715.78, 42690.6); (6719.87, 42685.7); (6721.22, 42643.8); (6863.02, 42641.7); (6946.14, 42641.5); (6964.77, 42639); (6973.69, 42634.1); (7009.9, 42592.2); (7339.21, 42543)
(3948.8, 58376.5); (3973.49, 58139.1); (4118.46, 57834.7); (4203.22, 57763); (4268.51, 57703.2); (4367.61, 57687.8); (4385.29, 57616.7); (4388.94, 57601.3); (4682.38, 57556.8); (4685.45, 57541.4); (5005.07, 57489.7); (5284.98, 57438.1)
(4019.19, 58562.7); (4029.78, 55943.5); (4068.06, 53344.3); (4329.09, 52693); (4428.38, 52657.9); (4440.08, 52583.5); (4574.02, 52367.8); (4774.33, 52297); (4906.05, 52280.7); (5009.14, 52236.5); (5045.03, 52225.6); (5050.96, 52219.9); (5056.04, 52209.4); (5298.35, 52182); (5312.31, 52181.4); (5327.77, 52176.4); (5330.09, 52160.1); (5334.59, 52159.5); (5555.04, 52132.2); (5606.33, 52120.9); (5611.79, 52110.3); (5667.77, 52110); (5946.26, 52060.8)
(4018.31, 61869.6); (4612.7, 59863.2); (4806.3, 55113.9); (4939.2, 49553.6); (4948.49, 46596.6); (4993.56, 46596.2); (5211.19, 46541.2); (5214.8, 45423.4); (5223.34, 42797.1); (5519.59, 42672.8); (5555.6, 42306.1); (5575.1, 41985.7); (5808.42, 41934.1); (5894.42, 41927.5); (5952.62, 41839); (5985.84, 41776.6); (6126.89, 41764); (6169.06, 41754.8); (6185.27, 41724.7); (6223.23, 41718); (6252.6, 41682.1); (6362.09, 41669.5); (6381.64, 41666.1); (6418.56, 41630.1); (6523.35, 41623.5); (6536.99, 41617.5); (6585.26, 41610.9); (6607.79, 41571.6); (6729.46, 41558.9); (6949.01, 41519.1); (7049.9, 41506.5); (7275.04, 41468); (7386.35, 41455.3)
(8553.31, 121519); (8649.75, 112527); (9098.36, 107444); (9670.25, 104425); (9703.08, 104417); (9855.99, 104029); (9857.48, 99623.1); (9902.06, 99550.4); (9963.36, 96295.6); (10303.5, 95730.1); (10413.7, 92799.7); (10520.9, 92736.9); (10726.3, 92730); (10851.1, 92705.2); (10868.5, 92687.7); (10887.7, 92680.8); (10906.5, 92617.9); (11083, 92609.1); (11089.4, 92568.8); (11231.7, 92559.9); (11292.4, 92558.3); (11295.4, 92556.6); (11368.1, 92549.4); (11461.9, 92523.5); (11501.6, 92521.9); (11568.9, 92509.1); (11646, 92500.3); (11671.3, 92497); (11908.3, 92460.6); (11994.2, 92447.8); (12225.5, 92409.2); (12303.5, 92400.4); (12527.5, 92385.3); (12607.6, 92376.4); (12639, 91528.4); (13036.5, 91486.8); (13114.4, 91478)
(8147.3, 127072); (8373.11, 124238); (8705.63, 121910); (8800.45, 104447); (8952.43, 102644); (9065.45, 101899); (9228.27, 101698); (9246.04, 101090); (9367.98, 100915); (9509.86, 100903); (9621.69, 100839); (9653.61, 100794); (9766.07, 100789); (9863.82, 100770); (9943, 100746); (9950.18, 100476); (10156.7, 99524); (10336.4, 99466.8); (10640.2, 99406.1); (10914.8, 99388.8); (11148.8, 99356.7); (11307.2, 99339.5); (11402.4, 99339.4); (11788, 99290.1)
(8995.76, 133447); (9142.67, 130690); (9257.39, 125015); (9296.62, 104778); (10042.3, 100592); (10086.9, 96110.7); (10093.3, 94756.9); (10148.5, 93985.8); (10363.9, 93804.1); (10551.3, 93680.8); (10678, 93441.3); (10802.7, 92961.4); (10885.5, 92595.9); (10992.9, 92546.8); (11035.5, 92494); (11139.3, 92483.4); (11339.3, 92480.5); (11398.3, 92444.8); (11484.8, 92442.7); (11486.1, 92441.9); (11494.5, 92439.8); (11594.5, 92395); (11640, 92393.6); (11712.2, 92393); (11785.8, 92390.6); (11847.8, 92328.9); (11894.7, 92078.3); (11958.8, 91915.5); (12124.6, 91887.1); (12177.5, 91657.8); (12396.3, 91652.6); (12608.4, 91602.8); (12904.7, 91591.9); (12913.6, 91553); (12953.5, 91552.7); (13201.8, 91537.8); (13242.6, 91534); (13337.5, 91502.9); (13436.4, 91496); (13540.2, 91488); (13579.1, 91483.9); (13787, 91446.8); (13860.2, 91434.1); (14091.6, 91431.8); (14177.5, 91419.1); (14369.2, 91384.9); (14466, 91382); (14502.6, 91369.3); (15000.9, 91320.1)
(9825.4, 131667); (9983.39, 128654); (10377.6, 107101); (11624.6, 103980); (11768.4, 103620); (12069.5, 103421); (12249.4, 101941); (12267.8, 96256.4); (12519.8, 89543.6); (12882, 82872.6); (13573.5, 82027.5); (13626.7, 81570.6); (13843, 81257); (13875.9, 80670.5); (13981.9, 80467.2); (14079.6, 80456.3); (14129.4, 80337.7); (14178.8, 80319.7); (14183.8, 80269.7); (14476.8, 80258.2); (14492.9, 79504.2); (14672.5, 79272.7); (14795.1, 79179.1); (14981.7, 79132.6); (15188.1, 79033.4); (15223.7, 78920.1); (15329.3, 78918.3); (15583.4, 78916.3); (15587.4, 78905.9); (15588, 78862); (15604.5, 78845.1); (15749.7, 78783.2); (15872.7, 78768.3); (15924.5, 78749.3); (15952.7, 78723.5); (16124, 78667.2); (16435, 78649); (16593, 78596); (16894, 78594.1); (17020.1, 78546.2); (17184.2, 78539.3); (17186.4, 78537.3); (17249.6, 78536.5); (17334.3, 78535.4); (17580.6, 78527.2); (17602.2, 78487.8); (17696.6, 78477.7); (18189.8, 78428.2); (18308.6, 78428.1); (18790.5, 78378.6); (19411.9, 78329.4)
(13835.8, 182150); (14229.3, 169733); (14443.1, 167480); (14484.2, 164493); (14908.8, 163624); (14910.2, 163605); (15021.9, 163537); (15187.8, 163514); (15231.4, 163501); (15310.9, 163285); (15320.9, 163272); (15353, 160021); (15384.2, 157302); (15447.2, 157250); (15983.8, 157066); (16079.1, 156516)
(12194.1, 155584); (12328.7, 154647); (12471.9, 152365); (12516.7, 151996); (13021.1, 148762); (13135, 146445); (13682.1, 145509); (13742, 144216); (13790.4, 143582); (14078.1, 143296); (14430.4, 143275); (14560.8, 143115); (14603.9, 142928); (14827.4, 142358); (14839.5, 142276); (15098.6, 142107); (15425.7, 141764); (15568.4, 141706)
(13406.7, 175009); (13665.8, 172682); (13767.5, 172234); (14195.1, 171637); (14215.4, 169856); (14279.6, 168609); (14578, 167778); (14781.9, 166459); (14801.4, 164735); (14974.7, 163801); (15004.3, 161742); (15457, 161690); (15565.4, 161550); (15657.9, 161035)
(14331.8, 186205); (14658.7, 185167); (15101.7, 184640); (15140.8, 182615); (15430.3, 181941); (15486.3, 178725); (15548.3, 177974); (15739.2, 177900); (15807.1, 177613); (15848.7, 177366); (15946.3, 176919); (15977, 176884); (16004.2, 176670); (16134.2, 176603); (16304.9, 176258); (16442, 176175); (16478.3, 175974); (16912.2, 175310); (16964.3, 174751); (17151.5, 174478); (17742.4, 173711); (17909.7, 173467)

(1547.95, 15445.3); (1573.35, 12954.6); (1602.67, 12064.5); (1643.86, 11983.1); (1659.48, 10054.7); (1717.31, 9980.15); (1718.32, 9612.61); (1774.3, 9583.18); (1797.42, 9434.45); (1823.66, 9031.48); (1848.87, 8658.5); (1862.69, 8193.67); (1876.42, 8159.23); (1898.93, 8032); (1986.8, 7821.68); (2065.15, 7740.02); (2085.9, 7719.16); (2094.67, 7715.11); (2115.34, 7594.38); (2144.86, 7591.92); (2199.34, 7586.34); (2212.87, 7538.63); (2222.79, 7487.08); (2245.64, 7471.43); (2352.69, 7433.8); (2376, 7418.15); (2388.19, 7384.38); (2397.96, 7366.6); (2520.36, 7331.1); (2521.43, 7313.31); (2638.1, 7302.01); (2686.2, 7261.96); (2781.66, 7250.75); (2800.48, 7250.67); (2860.46, 7212.77); (2945.27, 7199.41); (3120.77, 7150.21)
(1552.56, 12789.3); (1633.1, 12563.6); (1730.66, 12083.7); (1798, 9260.52); (1832.81, 8578.41); (1903.41, 8504.09); (1924.98, 8178.64); (1932.64, 7918.97); (1959.15, 7778.81); (1970.2, 6863.75); (2029.46, 6686.67); (2074.15, 6557.65); (2094.83, 6535.07); (2156.81, 6487.81); (2159.12, 6139.42); (2258.87, 6130.3); (2268.12, 6086.51); (2268.74, 6083.45); (2299.49, 6013.16); (2322.63, 6009.96); (2352.4, 5837.35); (2394.09, 5835.23); (2426.5, 5817.17); (2445.59, 5808.81); (2484.92, 5763.97); (2511.43, 5761.85); (2532.66, 5738.54); (2559.88, 5735.42); (2614.5, 5714.18); (2640.12, 5712.06); (2651.76, 5665.15); (2776.87, 5663.16); (2785.45, 5615.36); (2812.74, 5614.14); (2849.97, 5612.53); (2943.91, 5564.35); (2978.91, 5562.74); (3012.66, 5561.52); (3110.54, 5559.95); (3140.52, 5511.73); (3239.54, 5510.16); (3270.53, 5508.94); (3364.68, 5462.55); (3401.16, 5459.15); (3625.28, 5409.98)
(1510.74, 9363.1); (1531.86, 8872.66); (1610.25, 8619.5); (1722.33, 8151.93); (1784.25, 8053.39); (1836.41, 8014.16); (1861.31, 7977.65); (1902.48, 7938.41); (2049.17, 7916.27); (2097.61, 7877.03); (2272.49, 7857.98); (2309.31, 7821.74); (2321.02, 7818.75); (2535.73, 7763.46)
(1602.21, 10399.6); (1803.34, 10208.9)
(2547.98, 18252.4); (2567.26, 15659.3); (2636.24, 14346.4); (2834.56, 14067.9); (2954.45, 13840.7); (3076.69, 13679.8); (3100.14, 13661.4); (3136.5, 13613.8); (3139.42, 13610.2); (3208.55, 13561); (3254.45, 13526.5); (3263.7, 13280.9); (3264.22, 13262.5); (3405.85, 13104.4); (3615.77, 13053.2); (3815.36, 13034); (3919.51, 13030.2); (3922.72, 13003); (3977.06, 12982.9); (4205.4, 12953.4); (4271.5, 12933.2); (4286.26, 12932.7); (4569.97, 12883)
(3721.7, 31656.2); (3729.47, 27278); (3799.78, 26133.7); (3969.31, 24729.2)
(2831.38, 28558); (2899.53, 17419); (3123.49, 15914); (3287.9, 15789.7); (3295.65, 15267.5); (3378.14, 14948.3); (3394.08, 13663.3); (3599.06, 13381.6); (3645.6, 12920); (3789.31, 12901.5); (3898.78, 12830.1); (3983.65, 12823.4); (4095.43, 12788.6); (4104.19, 12782.8); (4225.28, 12733.5); (4287.78, 12720.5); (4358.64, 12713.8); (4487.01, 12673.2); (4600.27, 12623.9); (4830, 12620.7); (4869.65, 12620.3); (4952.65, 12571.4); (4981.07, 12571); (5208.95, 12567.8); (5329.46, 12518.5); (5846.92, 12516.6); (5966.63, 12467.3)
(3436.22, 15814.6); (3487.46, 15782.7); (3497.07, 15227.9); (3501.59, 15199.2); (3575.65, 15164.7); (3862.92, 15104)
(8074.82, 59854.5); (8165.17, 53516.7); (8213.08, 46289.3); (8256.44, 44050.7); (8582.92, 43995.9); (8674.88, 43109.9); (8840.67, 42539)
(5341.42, 33145.2); (5438.69, 26464.6); (5755.08, 26251.8); (5808.98, 26040.5); (5893.66, 25349.8); (6077.92, 25176.9); (6087.86, 24269.7); (6173.66, 24140.7); (6358.85, 23984.6); (6368.6, 23936.1); (6500.03, 23749.7); (6564.06, 23701.2); (6798.63, 23695.1); (6836.59, 23644.4); (6868.2, 23590.4); (6909.21, 23576); (6935.02, 23515.6); (6958.23, 23496.5); (6970.95, 23493); (7063.62, 23454.5); (7118.41, 23439); (7119.72, 23420); (7173.65, 23359.6); (7204.13, 23340.6); (7433.1, 23271.2); (7584.92, 23261.9); (7610.95, 23218); (7734.79, 23212.7); (7857.69, 23210.7); (7990.1, 23201.5); (8000.77, 23157.5); (8156.09, 23152.3); (8414.19, 23149.2); (8414.65, 23145.7); (8521.79, 23104.2); (8578.2, 23100); (8680.26, 23098.9); (8938.56, 23095.9); (8990.03, 23088.3); (9094.11, 23046.7); (9518.37, 23045.8); (9526.57, 23044.8); (9677.37, 22995.6)
(6624.2, 35320.6); (6655.8, 33902.7); (6823.84, 32727.9); (6952.22, 32509.1); (7043.11, 32406.3); (7163.86, 32155.7); (7443.26, 32052.9); (7601.29, 31959.9); (7931.17, 31895.5); (8034.69, 31885.7); (8127.03, 31878.8); (8181.86, 31792.6); (8654.48, 31723.5); (8726.84, 31711.6); (9050.39, 31664.8); (9205.63, 31642.4); (9336.53, 31633.3); (9512.67, 31595.7); (9590.59, 31583.7); (9802.76, 31564.1); (10058.1, 31514.6); (10533.6, 31501.7); (10785.2, 31452.1)
(7992.99, 44002.3); (7996.88, 43518.5); (8049.28, 40746.2); (8101.13, 37575.4); (8142.14, 37512.9); (8170.19, 37138.8); (8234.73, 33696.7); (8603.12, 33240.9); (8695.57, 32705)
(4085.63, 72236.9); (4183.17, 70086.6); (4184.69, 64791.8); (4192.48, 61697.6); (4698.56, 60642); (4743.6, 57958.7); (4816.06, 49735); (4915.86, 49151.7); (5091.2, 48295.4); (5124.01, 47032.5); (5200.19, 44365.4); (5245.31, 44296.1); (5290.34, 44220.3); (5395.63, 43755); (5411.1, 43642.2); (5431.11, 43584.5); (5546.51, 43357.9); (5699.31, 43226.6); (5737.12, 43153.7); (5825.17, 43108.3); (5839.16, 43090.5); (5852.15, 43035.5); (5861.66, 42989.5); (5887.53, 42958.1); (5929.38, 42945.1); (5960.89, 42877); (6014.76, 42864.2); (6024.26, 42858.7); (6135.34, 42850.2); (6148.13, 42830.8); (6179.37, 42809.2); (6203.81, 42800.9); (6241.35, 42799.2); (6247.53, 42795.4); (6354.88, 42795.2); (6359.79, 42745.9); (6533.67, 42743.7); (6565.65, 42739.6); (6608.09, 42694.2); (6717.52, 42690.6); (6727.92, 42685.7); (6871.43, 42683.5); (6954.51, 42639); (6978.91, 42634.1); (7318.45, 42584.8)
(4012.52, 60960.5); (4042.81, 60755.4); (4075.52, 60257.1); (4119.62, 60202.6); (4217.33, 60190); (4342.64, 59506.4); (4396.43, 59454.6); (4443.9, 58037.9); (4457.06, 57991.7); (4462.2, 57983.4); (4689.93, 57931.6); (4709.48, 57923.5); (4985.95, 57887.3); (4990.96, 57871.9); (5025.51, 57871.7); (5285.35, 57820.1)
(3945.75, 57586.8); (4049.13, 56747.9); (4113.78, 56746.2); (4189.66, 54716); (4289.9, 54449.8); (4333.7, 52616.1); (4439.03, 52599.8); (4634.36, 52566.3); (4675.97, 52549.9); (4705.5, 52509.5); (4717.4, 52479.5); (4738.19, 52474); (4767.27, 52457.6); (4938.75, 52446); (4969.16, 52424.2); (5042.88, 52407.8); (5249.83, 52374.9); (5298.87, 52374.6); (5314.83, 52358.4); (5391.63, 52358.2); (5598.04, 52331); (5600.4, 52325.4); (5604, 52309.1); (5661.09, 52308.8); (5948.24, 52259.6)
(4147.3, 70037.3); (4248.22, 63320.9); (4405.84, 60025.2); (4573.8, 55626.7); (4599.69, 54358.2); (4655.04, 53861.5); (4678.65, 52490.5); (4683.7, 48007.1); (4889.77, 46654.7); (5053.09, 45446); (5089.64, 44396); (5199.41, 43286.5); (5371.95, 43221.8); (5455.48, 42876); (5457.35, 42597); (5472.47, 42501.2); (5508.88, 42295.4); (5677.34, 42224.7); (5697.09, 42056.4); (5712.65, 42030.5); (5758.82, 41933.8); (5774.96, 41926.4); (5784.97, 41922.9); (5825.91, 41880.3); (5897.53, 41808.9); (5938.8, 41808.4); (5939.63, 41763.9); (5971.28, 41742); (6050.25, 41735.3); (6108.11, 41729.3); (6168.97, 41692.6); (6190.39, 41679.5); (6266.47, 41672.9); (6303.4, 41666.9); (6393.56, 41630.1); (6414.5, 41621); (6457.34, 41617.4); (6545.04, 41608.3); (6635.05, 41571.6); (6655.21, 41568); (6694.83, 41558.8); (6877.7, 41509.4); (7002.29, 41507.6); (7022.36, 41506.4); (7175.41, 41504.7); (7194.98, 41458.2); (7214.11, 41457); (7329.44, 41455.2); (7526.62, 41405.8)
(8120.25, 134810); (8337.36, 120744); (9095.48, 117141); (9275.59, 111250); (9366.26, 108315); (9508.61, 105154); (9537.72, 102151); (9564.54, 99434.6); (9618.04, 98625.6); (9714.88, 96651.4); (9782.55, 96003.7); (9817.54, 95252.7); (9971.33, 94420.4); (9986.56, 93612.6); (10379.4, 93548.7); (10581.2, 93548.1); (10602.7, 93030.3); (10602.8, 92969.1); (10674.4, 92938.1); (10767.1, 92876.8); (10925.4, 92680.1); (10940.3, 92636.6); (11097.7, 92580.8); (11183.1, 92573.9); (11418.3, 92524.7); (11507, 92512.5); (11746.9, 92468.9); (11786.2, 92463.4); (12037.3, 92458.4); (12038.6, 92452.9); (12048.3, 92444.9); (12172.7, 92407.5); (12283.5, 92403.7); (12355.8, 92397.1); (12465.3, 92383.6); (12639, 91535.5); (12641.3, 91499.9); (12934.3, 91475.9); (13149.6, 91474.7); (13450.9, 91425.5)
(8074.85, 142923); (8175.1, 129682); (8675.46, 125219); (8721.43, 122971); (8728.49, 120618); (8878.81, 120227); (8963.3, 117873); (8983.38, 115241); (9036.82, 110783); (9063.13, 109123); (9131.68, 109087); (9133.02, 108620); (9185.54, 106362); (9188.75, 105283); (9541.82, 102037); (9657.53, 101178); (9787.06, 101092); (9807.15, 101087); (9896.75, 100954); (9989.57, 100447); (10125.7, 100435); (10141.2, 100327); (10156.7, 99694.4); (10242.2, 99684.5); (10266.7, 99682.4); (10275.5, 99645.1); (10299, 99592.1); (10534.3, 99577.4); (10571.3, 99574.8); (10620.4, 99547.5); (10626.3, 99518.8); (10773.5, 99510.9); (10920.7, 99461.6); (11193.8, 99459.5); (11298.6, 99410.2); (11667, 99410.1); (11797.3, 99360.8)
(8370.03, 125916); (9391.98, 122606); (9401.93, 122510); (9744.91, 112536); (9921.67, 109356); (10182.8, 105684); (10333.3, 97082.6); (10921.7, 96846.5); (11120.1, 96169.7); (11148.5, 96096.8); (11211.4, 94343.5); (11271.5, 94110.5); (11278.5, 93491.5); (11335.2, 93052.8); (11421.9, 92869.2); (11518.9, 91840.2); (11892.7, 91794); (11995.8, 91764); (12190.7, 91692.4); (12248.2, 91683.2); (12249, 91663.9); (12316.5, 91654.3); (12488.2, 91653.1); (12504.1, 91642.2); (12532.8, 91614.1); (12603.9, 91602.3); (12711.9, 91600.4); (12719, 91596.5); (12769.1, 91591.9); (12875, 91560.2); (12888.4, 91556.2); (12893.6, 91551.1); (12969.2, 91545.2); (13096.8, 91542); (13112.8, 91535.1); (13167.1, 91532.4); (13270.8, 91510.3); (13288.8, 91496); (13437.5, 91488); (13532.3, 91481.2); (13581.6, 91480.4); (13700.6, 91473.2); (13741.4, 91469.4); (13774.6, 91446.8); (13843.5, 91438.1); (13861.2, 91434.1); (13908.1, 91431.2); (14091.4, 91419.3); (14172.4, 91418.5); (14355.7, 91384.9); (14417.5, 91382); (14489, 91369.3); (14991.5, 91320.1)
(9813.73, 144842); (9908.42, 127303); (10106, 113623); (10195.1, 107543); (11402.2, 95842); (12281.6, 95471.4); (12474.2, 91663); (12822.3, 87800); (13078.5, 85373.3); (13338.3, 83651.5); (13409.9, 83616.2); (13748.5, 82732.4); (13930.7, 81409); (13997.2, 80971.4); (14339.7, 80913.8); (14400.6, 79407.5); (14407.9, 79277.3); (14612.1, 79186); (14931.8, 79174.3); (14951, 79131.7); (15069.4, 79071.4); (15228.3, 79021.1); (15441.1, 78922.1); (15604.8, 78830.8); (15973.5, 78819.1); (16114.5, 78794.6); (16188.7, 78777.9); (16348.4, 78703.3); (16573.8, 78691.8); (16619.2, 78691.6); (16720.3, 78649); (16819.9, 78600.3); (17016.9, 78590.5); (17172.1, 78546); (17342.3, 78536.5); (17364.4, 78536.2); (17516.5, 78487.5); (17694.7, 78487.2); (17800.2, 78486.8); (17851, 78477.7); (17891.6, 78477.5); (18155.5, 78437.8); (18219.1, 78428.2); (18377.6, 78428); (18797.7, 78378.6); (19410.5, 78329.4)
(14229.7, 180393); (14247.2, 165865); (14442.4, 165727); (14786.8, 163349); (15109.6, 162719); (15195.7, 162534); (15218, 161901); (15264, 161889); (15384.2, 157314); (15424.5, 157302); (15480.1, 157250); (15527.4, 157201); (15983.8, 157066); (16079.1, 156516)
(12159.5, 154852); (12264.7, 154194); (12315.2, 153667); (12376.1, 153393); (12396.8, 153340); (12655.6, 152811); (12712.7, 151206); (13021.1, 146171); (13083.8, 145610); (13097.8, 145574); (13107.3, 145267); (13187, 145237); (13217.1, 145218); (13563.8, 144700); (13636.2, 144059); (14400.7, 143309); (14430.4, 143275); (14777.1, 142983); (15285, 142903); (15370.8, 142356)
(13599, 172566); (13795.1, 170147); (14215.4, 169856); (14561.9, 166466); (14801.4, 165239); (14819.6, 163441); (15004.3, 163207); (15457, 161690); (15657.9, 161035)
(13807.3, 189695); (13878.7, 188681); (14331.8, 187221); (14767.8, 187171); (14978.1, 185626); (14984.7, 182045); (15390.7, 181394); (15437.8, 179969); (15486.3, 178510); (15728.7, 177793); (15802.7, 177685); (15848.7, 177317); (16004.2, 176670); (16270.6, 176634); (16383.9, 176571); (16434.2, 176509); (16459.4, 176271); (16478.3, 175974); (16921.7, 175580); (16964.3, 174640); (17151.5, 174367); (17742.4, 173711); (17909.7, 173467)

(1547.95, 15445.3); (1573.35, 12875.7); (1633.27, 12586.2); (1692.57, 11234.7); (1720.47, 9941.39); (1753.92, 9779.37); (1770.44, 8785.74); (1891.42, 8776.85); (1924.82, 8268.7); (1976.44, 8094.67); (2011.56, 7984.21); (2029.85, 7942.12); (2038.27, 7893.55); (2061.91, 7806.17); (2065.15, 7742.48); (2115.34, 7643.22); (2133.82, 7610.4); (2144.86, 7602.39); (2199.47, 7588.66); (2212.87, 7541.09); (2222.79, 7487.08); (2245.64, 7471.43); (2352.69, 7433.8); (2376, 7418.15); (2388.19, 7384.38); (2397.96, 7366.6); (2520.36, 7331.1); (2521.43, 7313.31); (2638.1, 7302.01); (2686.2, 7261.96); (2781.66, 7250.75); (2800.48, 7250.67); (2860.46, 7212.77); (2945.27, 7199.41); (3120.77, 7150.21)
(1552.56, 12789.3); (1753.17, 10388.2); (1768.26, 9632.97); (1797.76, 9594.16); (1840.59, 7814.55); (1862.6, 7379.64); (1866.44, 7154.69); (1935.18, 7049.82); (2008.65, 6955.71); (2011.18, 6653.37); (2012.8, 6438.67); (2134.26, 6411.72); (2156.81, 6378.84); (2167.22, 6211.48); (2226.35, 6201.66); (2257.25, 6081.33); (2303.14, 6036.76); (2317.55, 6013.16); (2341.53, 5987.73); (2352.4, 5837.35); (2394.09, 5835.23); (2435.59, 5817.17); (2445.59, 5808.81); (2484.92, 5763.97); (2511.43, 5761.85); (2531.17, 5738.54); (2608.46, 5735.42); (2614.5, 5714.18); (2640.12, 5712.06); (2651.76, 5665.15); (2776.87, 5663.16); (2783.01, 5615.36); (2812.74, 5614.14); (2849.97, 5612.53); (2943.91, 5564.35); (2978.91, 5562.74); (3009.96, 5561.52); (3110.54, 5559.95); (3140.52, 5511.73); (3239.54, 5510.16); (3270.53, 5508.94); (3364.68, 5462.55); (3401.16, 5459.15); (3625.21, 5409.98)
(1510.74, 9619.12); (1510.98, 8874.68); (1521.28, 8749.06); (1538.52, 8644.83); (1597.22, 8601.41); (1678.3, 8451.83); (1682.59, 8333.48); (1722.33, 8151.93); (1784.25, 8053.39); (1836.41, 8014.16); (1861.31, 7977.65); (1902.48, 7938.41); (2049.17, 7916.27); (2097.61, 7877.03); (2272.49, 7857.98); (2309.31, 7821.74); (2321.02, 7818.75); (2535.73, 7763.46)
(1602.21, 10399.6); (1803.34, 10208.9)
(2567.26, 16129.4); (2633.01, 14675.5); (2703.65, 14012.7); (2920.71, 13840.7); (3066.92, 13661.4); (3136.5, 13613.8); (3139.42, 13610.2); (3208.55, 13561); (3254.45, 13526.5); (3263.7, 13280.9); (3264.22, 13262.5); (3405.85, 13104.4); (3615.77, 13053.2); (3815.36, 13034); (3919.51, 13030.2); (3922.72, 13003); (3977.06, 12982.9); (4205.4, 12953.4); (4271.5, 12933.2); (4286.26, 12932.7); (4569.97, 12883)
(3721.7, 30440.9); (3729.47, 27278); (3799.78, 26133.7); (3969.31, 24729.2)
(2985.8, 17342.3); (3103.71, 17250.8); (3115.46, 16264.5); (3268.5, 15822.2); (3308.08, 14535.5); (3358.79, 14151.4); (3551.28, 13062.8); (3645.6, 12920); (3804.46, 12901.5); (3872.17, 12872.7); (3928.58, 12830.1); (3983.65, 12823.4); (4060.28, 12810.4); (4095.43, 12788.6); (4104.19, 12782.8); (4225.28, 12733.5); (4276.47, 12720.5); (4366.39, 12713.8); (4487.01, 12673.2); (4600.27, 12623.9); (4828.33, 12620.7); (4869.65, 12620.3); (4952.65, 12571.4); (4981.07, 12571); (5208.95, 12567.8); (5329.46, 12518.5); (5846.92, 12516.6); (5966.63, 12467.3)
(3436.22, 15814.6); (3457.24, 15782.7); (3497.07, 15227.9); (3501.59, 15199.2); (3575.65, 15164.7); (3862.92, 15104)
(8074.82, 56408.1); (8165.17, 54402.1); (8213.08, 46124.2); (8256.44, 44050.7); (8570.61, 43995.9); (8674.88, 43109.9); (8840.67, 42539)
(5341.42, 29284.2); (5452.71, 29110.5); (5458.46, 28883.6); (5475.1, 28589.1); (5523.85, 28556.2); (5557.73, 28272.7); (5570.69, 28101.3); (5721.89, 28080.1); (5836.21, 27266.3); (5872.34, 25128.4); (6110.21, 24964.4); (6207.96, 24686.3); (6233.6, 24094.1); (6309.71, 23984.6); (6396.78, 23873.2); (6416.91, 23844.6); (6500.03, 23749.7); (6700.04, 23749.5); (6713.18, 23713.6); (6782.36, 23590.4); (6865.17, 23576); (6935.02, 23515.6); (6958.23, 23496.5); (6969.98, 23493); (7063.62, 23454.5); (7118.41, 23439); (7119.72, 23420); (7173.65, 23359.6); (7204.13, 23340.6); (7433.1, 23271.2); (7610.95, 23218); (7734.79, 23212.7); (7861.11, 23210.7); (7990.1, 23201.5); (8000.77, 23157.5); (8185.22, 23152.3); (8414.19, 23149.2); (8420.95, 23145.7); (8521.79, 23104.2); (8578.2, 23100); (8680.26, 23098.9); (8938.56, 23095.9); (8990.03, 23088.3); (9094.11, 23046.7); (9518.37, 23045.8); (9526.57, 23044.8); (9677.37, 22995.6)
(6624.2, 33670.7); (6740.2, 32716.3); (7055.74, 32406.3); (7163.86, 32155.7); (7185.54, 32147.4); (7443.26, 32052.9); (7601.29, 31959.9); (7931.17, 31895.5); (8034.69, 31885.7); (8127.03, 31878.8); (8181.86, 31792.6); (8654.48, 31723.5); (8726.84, 31711.6); (9050.39, 31664.8); (9205.63, 31642.4); (9336.53, 31633.3); (9512.67, 31595.7); (9590.59, 31583.7); (9802.76, 31564.1); (10058.1, 31514.6); (10533.6, 31501.7); (10785.2, 31452.1)
(7992.99, 43813.3); (8049.28, 40808.7); (8101.13, 37512.9); (8234.73, 33696.7); (8603.12, 33240.9); (8695.57, 32705)
(4076.66, 60408.5); (4116.95, 58557.4); (4213.89, 58476.1); (4244.89, 57936.5); (4311.41, 57066.5); (4626.73, 56835.5); (4768.26, 48094); (4939.47, 45894.6); (5138.59, 45434.6); (5142.38, 45185.5); (5147.93, 45105.6); (5148.22, 44555.6); (5177.16, 44444.5); (5215.65, 44390.1); (5229.38, 44105.5); (5238.98, 43806.1); (5287.36, 43682.5); (5336.66, 43416); (5350, 43298.5); (5400.66, 43296.7); (5419.24, 43230.8); (5442.84, 43176.6); (5462.2, 43106); (5518.91, 43074.8); (5578.33, 43036); (5635.7, 43022.6); (5662.39, 42980.7); (5745.18, 42968.7); (5749.61, 42935.4); (5799.27, 42930.7); (5817.99, 42921.5); (5828.52, 42918.4); (5831.16, 42902.1); (5848.96, 42877.8); (5895.65, 42868.9); (5921.55, 42853); (5934.86, 42838.4); (5979.61, 42822.4); (6015.51, 42819.4); (6045.5, 42805.6); (6088.96, 42786.3); (6156.55, 42756.1); (6324.75, 42755.8); (6329.19, 42734.6); (6395.92, 42704.5); (6480.53, 42704); (6489.91, 42700.8); (6516.51, 42695.9); (6595.61, 42683.2); (6606.25, 42652.4); (6725.13, 42648.7); (6728.94, 42643.8); (6874.84, 42641.7); (6884.14, 42641.5); (6931.05, 42625.3); (6953.97, 42597.1); (6970.44, 42592.2); (7320.44, 42543)
(3948.8, 59124.7); (3979.7, 58028.2); (4015.71, 57822.5); (4048.81, 57780.3); (4123, 57776); (4178.71, 57687.8); (4230.19, 57655.8); (4375.63, 57616.7); (4387.05, 57601.3); (4543.58, 57595.9); (4688.52, 57549.6); (4692.46, 57541.4); (4979.64, 57505.2); (4985.7, 57489.7); (5290.15, 57438.1)
(3976.26, 53384.6); (4232.14, 52741.1); (4460.51, 52729.7); (4475.84, 52686.4); (4507.47, 52675.8); (4599.22, 52631.6); (4689.66, 52566.3); (4779.32, 52549.9); (4980.33, 52516.5); (5040.62, 52500.1); (5262.89, 52477.9); (5263.95, 52467.3); (5298.23, 52466.9); (5318.5, 52450.7); (5409.64, 52450.6); (5603.57, 52401.5); (5656.11, 52401.1); (5975.54, 52351.9)
(4282.88, 68528.6); (4336.69, 58984.9); (4639.41, 56330.8); (4688.61, 55384.4); (4713.3, 53517.7); (4795.26, 52081); (5007.64, 47168.1); (5070.02, 44742.3); (5167.37, 44275.2); (5202.69, 43895.1); (5311.31, 43677); (5370.37, 43637.5); (5379.39, 43010.6); (5558.97, 42685.1); (5611.74, 42587.7); (5629.93, 42493.6); (5716.56, 42484.4); (5759.73, 42463.2); (5769.65, 42400.3); (5779.63, 42329.1); (5813.49, 42312); (5958.92, 42302.8); (6020.51, 42253.4); (6052.87, 42217.5); (6105.76, 42212.9); (6160.37, 42154.4); (6220.87, 42118.4); (6430.77, 42112.4); (6438.35, 42059.9); (6536.89, 42047.2); (6707.84, 42017.9); (6723.65, 41997.7); (6846.77, 41997.2); (6853.17, 41996); (6870.11, 41994.8); (6880.73, 41948.3); (7019.38, 41945.3); (7179.62, 41943.6); (7215.48, 41895.9); (7333.29, 41894.1); (7527.09, 41844.7)
(8486.76, 127245); (8778, 120499); (8876.23, 113289); (9390.43, 113231); (9435.09, 102510); (9929.43, 99851.5); (9965.01, 99780.6); (9966.1, 99765.7); (10006.3, 96823.1); (10052.5, 96713.3); (10058.8, 96634.7); (10136.7, 96554.3); (10141.7, 95984.9); (10196.7, 93961.2); (10413.7, 93763.1); (10524.4, 93618.2); (10546, 93224.4); (10558.9, 93164.7); (10584.5, 93072.3); (10589.9, 92911.7); (10598.6, 92730.9); (10866.5, 92716.3); (10925.7, 92670.6); (10949.8, 92617); (11100, 92613.4); (11103.8, 92607.9); (11249.5, 92555.6); (11397.8, 92546.9); (11514.1, 92533.4); (11611.3, 92499.5); (11622.3, 92496); (11736, 92493.1); (11755.5, 92490.8); (11831.5, 92455.7); (11958, 92439.9); (12087.3, 92437); (12127, 92431.8); (12206.4, 92399.7); (12301.9, 92396.1); (12474.8, 92375.7); (12594.1, 92372.1); (12631, 92365.2); (12637.5, 92340); (12936.5, 92316); (13161, 92314.8); (13450.4, 92265.6)
(8135.83, 135965); (8286.17, 122551); (8757.63, 119371); (8860.19, 118394); (9018.5, 116730); (9068.26, 113412); (9083.38, 111044); (9195.12, 105330); (9582.86, 104755); (9698.17, 103911); (9757.24, 102548); (9758.02, 102381); (9772.32, 102062); (9824.35, 101371); (9866.05, 101369); (9901.83, 101367); (9922.85, 101314); (10133.6, 101311); (10156.7, 99594.7); (10205.6, 99591.9); (10242.2, 99583.2); (10294.4, 99579.5); (10370.7, 99533.9); (10574.1, 99526.1); (10629.7, 99522.8); (10640.3, 99476.8); (10902.2, 99459.5); (11134.3, 99427.4); (11391.2, 99412.2); (11414.9, 99410.1); (11803.3, 99360.8)
(8737.97, 122022); (9660.85, 114174); (9747.64, 110910); (9843.39, 108892); (9995.94, 108363); (10118.5, 103502); (10554, 102695); (10608, 101021); (10621.6, 99981.3); (10661.6, 98342.6); (10786.3, 96328.1); (11115.5, 96307.3); (11313.6, 95496.1); (11319.7, 94779.4); (11442.5, 94669.7); (11456.3, 94620.5); (11470.4, 93503.9); (11572.2, 93441.8); (11609.9, 93041.1); (11725.3, 92166.3); (11957.6, 92104.9); (12278.1, 91940.3); (12486, 91675.9); (12520.9, 91630.1); (12553.8, 91625.4); (12675.2, 91597.1); (12791.4, 91580.9); (12941, 91575.6); (12973.2, 91551.1); (13130.2, 91547.3); (13347.9, 91539.3); (13394, 91508.7); (13413.1, 91502.9); (13427.5, 91496); (13612.9, 91491.2); (13628.5, 91490.1); (13723.3, 91453.7); (13775.1, 91446.8); (13920.4, 91431.2); (14202.5, 91419.4); (14355.1, 91384.9); (14419.7, 91382); (14591.8, 91375.1); (14657, 91370.2); (14665.2, 91369.3); (14990.2, 91320.1)
(8969.58, 132770); (9615.94, 128342); (9693.6, 122789); (10501.9, 118728); (10841.1, 106353); (10877.6, 103112); (11809.8, 102498); (11927.3, 99511.9); (12064.3, 95054.7); (12817.8, 88043.9); (13417.9, 87245.4); (13472.4, 86278.1); (13672.3, 85677.8); (13765.2, 84631.4); (13889.2, 84284.8); (13924.7, 80047.1); (14342.6, 80030.9); (14407.6, 79739.9); (14490.6, 79457.5); (14553.5, 79403); (14596.5, 79232.2); (14681, 79043.7); (14933.2, 78973.1); (15045.5, 78928.6); (15279.4, 78927.3); (15314.1, 78916); (15551.1, 78809.5); (15655.2, 78781.5); (15664.9, 78777.8); (15949.1, 78762.9); (15961.2, 78711.1); (15978.7, 78676.9); (16110.8, 78667.2); (16313.2, 78650.3); (16448.5, 78605.8); (16603.5, 78596); (16809.5, 78594.1); (16837.1, 78590.8); (16971.5, 78586.5); (17046, 78558.6); (17063.4, 78546.2); (17103.6, 78537.3); (17175, 78536.5); (17358.6, 78536.2); (17512.9, 78533.2); (17526.9, 78487.5); (17697.3, 78487.2); (17705.4, 78487); (17707.8, 78477.7); (17886.1, 78477.5); (18113.8, 78437.8); (18177.5, 78428.2); (18306.1, 78428.1); (18372.1, 78428); (18682.1, 78427.8); (18787.8, 78378.6); (19393.6, 78329.4)
(14165, 175211); (14196, 166600); (14895.9, 162015); (15040.1, 159588); (15384.2, 157326); (15463.4, 157274); (16079.1, 156516)
(12378.4, 166090); (12431.5, 149480); (12442.9, 149431); (12648.7, 146863); (12793.3, 146862); (13132.8, 146813); (13786.9, 146027); (13987, 144406); (14083.7, 143871); (14399.5, 143511); (14706.3, 143213); (15330.1, 142922); (15566.8, 142823)
(14151, 178095); (14249.4, 177594); (14327.4, 173647); (14445.1, 169184); (14588.4, 168932); (14621.8, 166499); (14801.4, 164735); (14974.7, 163832); (15004.3, 161742); (15457, 161690); (15565.4, 161550); (15657.9, 161035)
(14152.5, 193555); (14291.7, 191583); (14473.6, 189874); (14533.6, 189703); (14767.8, 187658); (14795.8, 185160); (15014.8, 181753); (15281.2, 180062); (15486.3, 178626); (15762.1, 178178); (15848.7, 176871); (16134.2, 176603); (16304.9, 176258); (16442, 176175); (16478.3, 175974); (16721.2, 175796); (16912.2, 175310); (16964.3, 174640); (17151.5, 174367); (17742.4, 173711); (17909.7, 173467)

(1547.95, 15445.3); (1573.35, 12954.6); (1631.67, 10332.5); (1655.26, 9854.48); (1659.88, 9548.57); (1720.32, 8933.45); (1748.69, 8834.68); (1814.42, 8383.67); (1847.66, 8347.76); (1901.66, 8084.48); (1984.37, 7836.91); (2032.76, 7807.68); (2085.9, 7719.16); (2110.59, 7713.45); (2158.26, 7643.22); (2199.34, 7586.34); (2222.79, 7487.08); (2245.64, 7471.43); (2352.69, 7433.8); (2376, 7418.15); (2388.19, 7384.38); (2397.96, 7366.6); (2520.36, 7331.1); (2521.43, 7313.31); (2638.1, 7302.01); (2686.2, 7261.96); (2781.66, 7250.75); (2800.48, 7250.67); (2860.46, 7212.77); (2945.27, 7199.41); (3120.77, 7150.21)
(1552.56, 12789.3); (1622.63, 11645.7); (1757.68, 11188.9); (1775.38, 9350.46); (1795.14, 8695.05); (1837.43, 7188.57); (1869.76, 6797.17); (2010.55, 6786.03); (2012.8, 6438.67); (2039.19, 6431.83); (2138.57, 6431.69); (2166.3, 6368.34); (2172.17, 6363.39); (2210.71, 6315.69); (2213.67, 6305.34); (2215.56, 6086.55); (2224.73, 6083.45); (2269.74, 6081.33); (2322.63, 6009.96); (2352.4, 5837.35); (2383.04, 5835.23); (2435.59, 5817.17); (2445.59, 5808.81); (2484.92, 5763.97); (2531.17, 5738.54); (2552.94, 5735.42); (2614.5, 5714.18); (2645.65, 5712.96); (2646.98, 5712.06); (2651.76, 5665.15); (2776.87, 5663.16); (2783.01, 5615.36); (2812.74, 5614.14); (2849.97, 5612.53); (2943.93, 5564.35); (2979.24, 5562.74); (3009.96, 5561.52); (3110.54, 5559.95); (3140.52, 5511.73); (3240.31, 5510.16); (3270.53, 5508.94); (3364.68, 5462.55); (3401.16, 5459.15); (3625.5, 5409.98)
(1510.74, 8889.5); (1596.53, 8409.22); (1686.29, 8333.48); (1722.33, 8151.93); (1784.25, 8053.39); (1836.41, 8014.16); (1861.31, 7977.65); (1902.48, 7938.41); (2049.17, 7916.27); (2097.61, 7877.03); (2272.49, 7857.98); (2309.31, 7821.74); (2321.02, 7818.75); (2535.73, 7763.46)
(1602.21, 10399.6); (1803.34, 10208.9)
(2586.56, 17847.6); (2636.24, 14621.9); (2728.2, 14061.9); (2954.45, 13890.3); (2965.91, 13877.8); (3063.84, 13853.3); (3066.92, 13661.4); (3136.5, 13613.8); (3139.42, 13610.2); (3208.55, 13561); (3254.45, 13526.5); (3263.7, 13280.9); (3264.22, 13262.5); (3405.85, 13104.4); (3615.77, 13053.2); (3815.36, 13034); (3919.51, 13030.2); (3922.72, 13003); (3977.06, 12982.9); (4205.4, 12953.4); (4271.5, 12933.2); (4286.26, 12932.7); (4569.97, 12883)
(3729.47, 27021.8); (3799.78, 26133.7); (3969.31, 24729.2)
(3093.07, 19489.6); (3112.46, 16107.4); (3296.27, 15582.6); (3329.51, 15539.8); (3412.42, 15414.7); (3437.69, 14542); (3543.97, 13468.9); (3631.15, 13200.7); (3645.6, 12920); (3898.78, 12830.1); (4005.18, 12823.4); (4095.43, 12788.6); (4104.19, 12782.8); (4225.28, 12733.5); (4276.47, 12720.5); (4358.64, 12713.8); (4487.01, 12673.2); (4600.27, 12623.9); (4828.33, 12620.7); (4869.65, 12620.3); (4952.65, 12571.4); (4981.07, 12571); (5208.95, 12567.8); (5329.46, 12518.5); (5846.92, 12516.6); (5966.63, 12467.3)
(3436.22, 15814.6); (3497.07, 15227.9); (3501.59, 15199.2); (3575.65, 15164.7); (3862.92, 15104)
(8074.82, 60485.3); (8165.17, 53177.1); (8213.08, 46668); (8256.44, 44050.7); (8570.61, 43995.9); (8674.88, 43109.9); (8840.67, 42539)
(5341.42, 29124.1); (5495.71, 26309.3); (6088.53, 24890.6); (6161.36, 24564.9); (6275.05, 24240.7); (6309.71, 23984.6); (6358.72, 23962.6); (6455.87, 23935.2); (6522.74, 23848.9); (6549.17, 23749.7); (6666.08, 23735.3); (6741.71, 23693.2); (6782.36, 23590.4); (6885.55, 23580.3); (6935.02, 23515.6); (6958.23, 23496.5); (7054.99, 23493); (7095.07, 23488.4); (7116.41, 23480.2); (7118.41, 23439); (7119.72, 23420); (7173.65, 23359.6); (7204.13, 23340.6); (7433.1, 23271.2); (7584.92, 23261.9); (7610.95, 23218); (7734.79, 23212.7); (7857.69, 23210.7); (7990.1, 23201.5); (8000.77, 23157.5); (8156.09, 23152.3); (8412.56, 23145.7); (8521.79, 23104.2); (8578.2, 23100); (8680.26, 23098.9); (8938.56, 23095.9); (8990.03, 23088.3); (9094.11, 23046.7); (9518.37, 23045.8); (9526.57, 23044.8); (9677.37, 22995.6)
(6624.2, 35402.2); (6729.22, 35071.4); (6761.95, 34284.7); (6777.93, 33538.5); (6869.75, 33140.4); (6896.72, 32999.9); (6945.13, 32956.7); (6948.13, 32727.9); (7038.13, 32632.1); (7039.57, 32532.7); (7185.54, 32147.4); (7443.26, 32052.9); (7601.29, 31959.9); (7931.17, 31895.5); (8034.69, 31885.7); (8131.13, 31878.8); (8181.86, 31792.6); (8654.48, 31723.5); (8726.84, 31711.6); (9050.39, 31664.8); (9205.63, 31642.4); (9336.53, 31633.3); (9512.67, 31595.7); (9590.59, 31583.7); (9802.76, 31564.1); (10058.1, 31514.6); (10533.6, 31501.7); (10785.2, 31452.1)
(7992.99, 44374.9); (7996.88, 39705.7); (8101.13, 37512.9); (8234.73, 33696.7); (8603.12, 33240.9); (8695.57, 32705)
(4292.02, 70588.2); (4293.7, 68167.5); (4538.75, 64014.8); (4573.47, 60597.6); (4635.51, 57540.2); (4735.01, 53122.6); (4842.98, 51825.9); (4850.53, 48680.1); (5031.91, 47244); (5044.99, 45760.4); (5105.01, 44775); (5200.93, 44589); (5250.27, 43756.6); (5296.31, 43693.4); (5522.23, 43517); (5567.7, 43263.1); (5595.13, 43256.4); (5672.28, 43199.9); (5696.96, 43161.7); (5845.02, 43140.5); (5850.51, 43130); (5859.36, 43109.6); (5880.72, 43098.4); (6006.69, 43076.3); (6080.74, 43046.3); (6097.58, 43045.5); (6117.47, 43012.9); (6145.69, 42982.1); (6299.94, 42979.3); (6339.02, 42960.8); (6404.6, 42943.2); (6407.48, 42930); (6597.67, 42909.2); (6616.86, 42878.4); (6752.78, 42875.3); (6774.36, 42870.3); (6863.18, 42867.7); (6911.31, 42867.5); (6933.86, 42851.3); (6957.04, 42832.3); (6959.68, 42829.2); (6963.38, 42823.2); (6972.41, 42818.2); (7319.59, 42769)
(3803.42, 60596.9); (3897.67, 58941.7); (4063.33, 58783.6); (4070.51, 57822.8); (4124.08, 57681.3); (4257.82, 57586.9); (4382.32, 57502.2); (4540.53, 57496.9); (4659.62, 57494.2); (4689.02, 57457.7); (4693.89, 57442.3); (4994.04, 57390.6); (5283.58, 57339)
(3916.53, 64161.5); (3937.29, 59330.1); (4002.25, 59039.6); (4007.32, 56624.9); (4017.09, 56396.7); (4087.12, 56174.8); (4121.07, 55951); (4137.11, 55431.3); (4150.05, 55106.6); (4157.2, 54201.2); (4201.83, 53849.2); (4346.45, 53494.9); (4398.48, 53202.9); (4503.97, 53141.6); (4614.2, 53099.1); (4650.27, 53049.4); (4711.72, 53027.5); (4819.15, 53011.1); (4936.29, 52999.6); (4973.43, 52977.7); (5042.7, 52961.3); (5261.67, 52933.8); (5319.9, 52911.9); (5406.15, 52911.8); (5549.69, 52884.6); (5604.69, 52862.7); (5674.47, 52862.4)
(3988.99, 68170.7); (4104.98, 65380.4); (4236.57, 61671.6); (4299.11, 57817); (4540.53, 57683.4); (4548.96, 55906.5); (4571.07, 55772.1); (4791.56, 52087.8); (4886.85, 51562.3); (5038.15, 49555.6); (5098.77, 49383.2); (5106.41, 48597.6); (5114.32, 48424); (5125.5, 48296.7); (5154.41, 48064.2); (5222.04, 45229.4); (5234.64, 42835.7); (5472.72, 42827); (5610.32, 42766.1); (5646.55, 42386.7); (5840.35, 42374.1); (5873.28, 42070.5); (5913.91, 41930.6); (5929.42, 41913.4); (6001.82, 41850.4); (6010, 41753.4); (6118.66, 41737.4); (6140.91, 41701.5); (6188.17, 41694.9); (6221.97, 41692.3); (6253.37, 41688.8); (6336.13, 41642.9); (6415.65, 41630.1); (6480.67, 41623.5); (6500.97, 41618.7); (6526.09, 41617.5); (6609.75, 41610.9); (6642.96, 41571.6); (6669.32, 41568); (6719.1, 41558.9); (6776.18, 41558.8); (6892.33, 41509.4); (7035.37, 41507.8); (7061.65, 41507.7); (7070.67, 41506.5); (7192.14, 41458.2); (7218.21, 41457); (7372.93, 41455.3); (7522.43, 41405.8)
(8643.58, 117434); (9057.35, 116001); (9196.11, 112823); (9313.55, 110349); (9463.22, 107877); (9467.97, 94676.8); (9510.26, 94663.1); (9647.27, 94620.7); (9758.48, 94614.2); (9796.29, 94597.1); (9904.87, 94541.6); (9940.03, 94532.8); (10122.5, 94492.5); (10152.3, 94491.9); (10198.1, 94483.6); (10238.6, 94477.7); (10272, 94477.1); (10385.1, 94452.1); (10525.8, 94447.5); (10550.5, 94317.5); (10675.3, 94293.7); (10740.9, 94286.4); (10741, 93884.2); (10842.5, 93551.5); (10903.6, 93496.3); (11109.7, 93430); (11219.8, 93388.6); (11359.9, 93387.9); (11414.3, 93380.8); (11469, 93325.1); (11545.4, 93288.7); (11727.8, 93269); (11823.9, 93232.6); (11979.6, 93225); (12006.4, 93219.9); (12269.7, 93183.9); (12274, 93181.3); (12307.6, 93176.1); (12343.5, 93169.2); (12544.8, 93143.6); (12637.8, 93094.4); (13092.2, 93075.9); (13163.1, 93069.2); (13462.6, 93020)
(8026.22, 133930); (8427.34, 129810); (8467.64, 118434); (8780.69, 116685); (8800.45, 103665); (8920.66, 102581); (9026.2, 102264); (9104.49, 101034); (9142.02, 100441); (9194.9, 100294); (9299.44, 100246); (9546.63, 100241); (9634.82, 100085); (9742.18, 100027); (9879.34, 99996.7); (9924.53, 99977.1); (9971.16, 99949.3); (9993.87, 99938.8); (10032.1, 99908); (10173.1, 99900.1); (10246.5, 99881.6); (10292.9, 99850.8); (10357.4, 99847.2); (10562.2, 99833.5); (10640.5, 99829.9); (10640.9, 99790); (10888.5, 99774.9); (10899.4, 99772.7); (11125.5, 99740.6); (11299.8, 99723.5); (11389.8, 99723.3); (11395.1, 99476.4); (11816.1, 99427.2)
(9245.37, 129547); (9332.89, 120897); (9692.95, 113286); (9707.24, 105688); (10074.9, 104720); (10487.4, 103542); (10578.7, 103307); (10605.1, 100981); (10608.4, 99855.3); (10846.3, 98596.6); (11110, 95425.6); (11343, 95369.2); (11370, 94714.3); (11372.6, 94676.5); (11382.3, 93047.9); (11470.4, 92621.5); (11617.7, 92589.8); (11643.1, 92539.3); (11650.5, 92538.5); (11676.1, 92474.8); (11705, 92227.4); (11848, 92154.9); (11937.3, 92066.5); (12061.7, 91915.4); (12240.1, 91735.5); (12400.5, 91734.9); (12418.2, 91651.4); (12485.7, 91619.6); (12596.6, 91602.2); (12742.8, 91601.3); (12806.5, 91600.3); (12870.3, 91595); (12889.6, 91552.1); (12928.7, 91551.1); (13053.2, 91545.8); (13158.5, 91537.4); (13196.2, 91502.9); (13283.2, 91496); (13478.3, 91489.2); (13499.2, 91488); (13533.1, 91487.3); (13552.9, 91483.3); (13628.3, 91480.4); (13747, 91453.7); (13776.9, 91446.8); (13835.2, 91438.1); (13852.7, 91434.1); (13930.3, 91431.2); (14093.1, 91424.4); (14119.5, 91423.2); (14142.9, 91419.4); (14164.1, 91418.5); (14333, 91388.9); (14382.8, 91384.9); (14425.9, 91382); (14485.8, 91369.3); (14990.8, 91320.1)
(9997.69, 123530); (10308.4, 112996); (11467.4, 108340); (11996.3, 107073); (12158, 99330); (12167.6, 95696.3); (12340.3, 91427.6); (12407, 89789.2); (12651.9, 87717.2); (12904.6, 85525.6); (13006.1, 85085.6); (13316.6, 85068.2); (13342, 82959.7); (13610, 82855.1); (13765.8, 82676.7); (13817.2, 82184.4); (13869.1, 82138.7); (14042.2, 81093.4); (14052.8, 79711.7); (14306.2, 79508.5); (14624.9, 79244.7); (15191.5, 79094.1); (15253.6, 78999.8); (15349.9, 78981); (15423.9, 78931.2); (15464.9, 78885.4); (15728.9, 78814.7); (15851, 78785); (15874.6, 78754.5); (15903.3, 78735.5); (16057.5, 78727.8); (16098.3, 78725.7); (16144.1, 78700.1); (16306.6, 78692.7); (16417.7, 78690.3); (16435.6, 78664); (16465.7, 78661.6); (16539.4, 78655.8); (16575.9, 78601.3); (16844.7, 78596.2); (16845.3, 78591.5); (16902.9, 78547); (17120.4, 78546.2); (17163.2, 78541.7); (17172.3, 78539.3); (17188.4, 78536.5); (17372.1, 78532); (17520.3, 78497.8); (17538.5, 78487.5); (17704.7, 78477.7); (17905.6, 78477.5); (18102.7, 78438.3); (18123.8, 78437.8); (18182.9, 78428.2); (18322.4, 78428.1); (18372.7, 78428); (18656.2, 78427.8); (18777.7, 78379); (18799.5, 78378.6); (19396.4, 78329.4)
(14181.1, 183867); (14237.1, 171668); (14762.3, 160559); (14777.2, 160490); (14783.9, 160300); (15243.4, 160296); (15384.2, 157302); (15445.4, 157250); (15983.8, 157066); (16079.1, 156516)
(11943.3, 158565); (12429.6, 150311); (13277.9, 150025); (13357.6, 149116); (13563.8, 144773); (13742, 144216); (14080.1, 143224); (14560.8, 142628); (14839.5, 142276); (15154.5, 142249); (15425.7, 141764); (15558.5, 141737); (15568.4, 141706); (15571.2, 141670); (16243, 141591)
(14011, 173067); (14162.9, 171104); (14537.8, 171001); (14588.4, 170433); (14608.2, 167703); (14629.6, 167567); (14801.4, 166321); (14818.4, 165584); (14974.7, 163832); (15052.1, 163621); (15213.2, 162479); (15457, 162426); (15468.9, 162362); (15565.4, 161550); (15657.9, 161035)
(13825.1, 193254); (14454.2, 188401); (14717, 183360); (15281.2, 179209); (15486.3, 177441); (15531, 177388); (15946.3, 177252); (15977, 177028); (16088.3, 176993); (16134.2, 176603); (16304.9, 176258); (16442, 176246); (16912.2, 175455); (16964.3, 174640); (17151.5, 174367); (17742.4, 173855); (17909.7, 173612)

(1547.95, 15445.3); (1573.35, 12954.6); (1611.49, 12839.1); (1631.67, 8980.61); (1760.33, 8378.71); (1847.66, 8148.53); (1901.66, 8114); (1933.51, 8110.26); (1959.93, 7845.19); (2032.76, 7807.68); (2038.21, 7778.72); (2065.15, 7691.18); (2115.34, 7591.92); (2199.34, 7588.66); (2212.41, 7538.63); (2222.79, 7487.08); (2245.64, 7471.43); (2352.69, 7433.8); (2376, 7418.15); (2396.12, 7384.38); (2397.96, 7366.6); (2521.43, 7313.31); (2638.1, 7302.01); (2686.2, 7261.96); (2781.66, 7250.75); (2800.48, 7250.67); (2860.46, 7212.77); (2945.27, 7199.41); (3120.77, 7150.21)
(1552.56, 12789.3); (1668.15, 11553); (1702.2, 10872.4); (1708.96, 9703.54); (1821.99, 9059.18); (1826.55, 8777.02); (1851.86, 8435.03); (1870.58, 7680.04); (1936.27, 7130.98); (1991.57, 6993.09); (2000.11, 6637.84); (2084.57, 6488.9); (2167.31, 6430.52); (2168.64, 6420.56); (2200.8, 6213.73); (2264.89, 6160.86); (2274.16, 6136.32); (2306.66, 6093.41); (2311.04, 6036.76); (2348.08, 5890.22); (2352.4, 5837.35); (2394.84, 5835.23); (2486.24, 5787.56); (2489.25, 5763.97); (2525.82, 5761.85); (2542.05, 5738.54); (2567.33, 5735.42); (2614.5, 5714.18); (2640.12, 5712.06); (2650.56, 5688.75); (2651.76, 5665.15); (2776.87, 5663.16); (2783.01, 5615.36); (2812.74, 5614.14); (2849.97, 5612.53); (2943.91, 5564.35); (2978.91, 5562.74); (3009.96, 5561.52); (3111.75, 5559.95); (3140.52, 5511.73); (3239.54, 5510.16); (3270.53, 5508.94); (3364.68, 5462.55); (3401.16, 5459.15); (3625.21, 5409.98)
(1506.8, 11479.3); (1510.74, 9292.42); (1566.83, 8649.23); (1589.63, 8618.71); (1631.48, 8535.23); (1678.3, 8451.83); (1686.2, 8375.41); (1715.49, 8294.95); (1722.33, 8151.93); (1784.25, 8053.39); (1836.41, 8014.16); (1861.31, 7977.65); (1902.48, 7938.41); (2049.17, 7916.27); (2097.61, 7877.03); (2272.49, 7857.98); (2309.31, 7821.74); (2321.02, 7818.75); (2535.73, 7763.46)
(1602.21, 10399.6); (1803.34, 10208.9)
(2620.31, 15993.6); (2633.01, 15250.1); (2703.65, 14012.7); (2965.91, 13877.8); (3066.92, 13661.4); (3136.5, 13613.8); (3139.42, 13610.2); (3208.55, 13561); (3254.45, 13526.5); (3263.7, 13280.9); (3264.22, 13262.5); (3405.85, 13104.4); (3615.77, 13053.2); (3815.36, 13034); (3919.51, 13030.2); (3922.72, 13003); (3977.06, 12982.9); (4205.4, 12953.4); (4271.5, 12933.2); (4286.26, 12932.7); (4569.97, 12883)
(3721.7, 32490.9); (3729.47, 27021.8); (3799.78, 26133.7); (3969.31, 24729.2)
(3100.6, 26751.3); (3115.19, 17013.4); (3172.33, 15035.3); (3368.96, 14332.8); (3485.97, 14098.8); (3551.28, 13442.6); (3606.99, 13299.8); (3614.3, 13223.5); (3653.44, 12933.9); (3659.92, 12920); (3797.15, 12901.5); (3872.17, 12872.7); (3898.78, 12830.1); (4005.18, 12823.4); (4060.28, 12810.4); (4095.43, 12788.6); (4104.19, 12782.8); (4225.28, 12733.5); (4276.47, 12720.5); (4358.64, 12713.8); (4489.32, 12673.2); (4600.27, 12623.9); (4828.33, 12620.7); (4869.65, 12620.3); (4952.65, 12571.4); (4981.07, 12571); (5208.95, 12567.8); (5329.46, 12518.5); (5846.92, 12516.6); (5966.63, 12467.3)
(3436.22, 15814.6); (3497.07, 15227.9); (3501.59, 15199.2); (3575.65, 15164.7); (3862.92, 15104)
(8074.82, 58853.9); (8110.73, 55833.3); (8165.17, 55483); (8213.08, 46028); (8256.44, 44050.7); (8585.22, 43995.9); (8674.88, 43109.9); (8840.67, 42539)
(5341.42, 38629.6); (5403.18, 29498.2); (5413.21, 29270.3); (5430.95, 28723.4); (5602.48, 28556.2); (5630.17, 28203.6); (5686.64, 28145.3); (5770.82, 27863.9); (5808.98, 27802.6); (5923.45, 26328.3); (6069.83, 24760.5); (6089.93, 24483.4); (6098, 24085.2); (6160.41, 24006.3); (6223.77, 24004.8); (6309.71, 23936.1); (6396.78, 23794.3); (6444.23, 23735.3); (6565.42, 23634.7); (6790.71, 23590.4); (6865.17, 23546.2); (6935.02, 23515.6); (6958.23, 23496.5); (6970.95, 23493); (7095.07, 23488.4); (7116.41, 23480.2); (7118.41, 23439); (7119.72, 23420); (7173.65, 23359.6); (7204.13, 23340.6); (7433.1, 23271.2); (7584.92, 23261.9); (7610.95, 23218); (7734.79, 23212.7); (7857.69, 23210.7); (7990.1, 23201.5); (8000.77, 23157.5); (8156.09, 23152.3); (8414.19, 23149.2); (8414.65, 23145.7); (8521.79, 23104.2); (8578.2, 23100); (8680.26, 23098.9); (8938.56, 23095.9); (8990.03, 23088.3); (9094.11, 23046.7); (9518.37, 23045.8); (9526.57, 23044.8); (9677.37, 22995.6)
(6624.2, 36543.3); (6696.46, 35256.2); (6761.95, 34649.7); (6767.45, 33419.2); (6777.93, 33240.2); (6848.54, 33059.6); (6870.72, 32727.9); (7038.13, 32632.1); (7048.03, 32625.1); (7055.74, 32406.3); (7185.54, 32147.4); (7443.26, 32052.9); (7601.29, 31959.9); (7931.17, 31895.5); (8034.69, 31885.7); (8127.03, 31878.8); (8181.86, 31792.6); (8654.48, 31723.5); (8726.84, 31711.6); (9050.39, 31664.8); (9205.63, 31642.4); (9336.53, 31633.3); (9512.67, 31595.7); (9590.59, 31583.7); (9802.76, 31564.1); (10058.1, 31514.6); (10533.6, 31501.7); (10785.2, 31452.1)
(7992.99, 43745.5); (7996.88, 40414.3); (8101.13, 37512.9); (8234.73, 33696.7); (8603.12, 33240.9); (8695.57, 32705)
(4041.49, 64451.7); (4332.21, 64024.4); (4355.76, 58836.8); (4490.06, 58809.5); (4628.85, 55588); (4703.65, 48138.1); (4965.45, 45101.6); (5148.9, 44387.4); (5274.37, 44384.6); (5371.52, 44324); (5376.09, 43753.6); (5501.18, 43392.8); (5559.62, 43254.9); (5696.39, 43242.2); (5700.18, 43068.7); (5718.73, 43014.8); (5739.24, 43005.7); (5752.02, 42933.6); (5885.96, 42884.1); (5984.18, 42881.5); (6019.77, 42849.1); (6038.21, 42805.6); (6167.46, 42756.1); (6239, 42753.5); (6329.23, 42753.3); (6365, 42704); (6504.08, 42701.9); (6507.2, 42698.8); (6520.25, 42695.9); (6610.06, 42693.3); (6610.21, 42652.4); (6705.17, 42648.7); (6734.88, 42643.8); (6870.71, 42641.7); (6893.21, 42641.5); (6977.56, 42592.2); (7324.51, 42543)
(3860.39, 63657.4); (3866.31, 62565); (3898.3, 61346.7); (3913.91, 60923.4); (3919.06, 60488.4); (3944.26, 59764); (3948.8, 58392.7); (3965.05, 57963.9); (4043.58, 57859.1); (4110.66, 57802.5); (4147.19, 57787.1); (4177.95, 57687.8); (4218.62, 57671.2); (4223.51, 57655.8); (4354.09, 57653.1); (4379.34, 57616.7); (4387.44, 57601.3); (4530.32, 57595.9); (4603.13, 57593.2); (4680.12, 57556.8); (4685.82, 57549.6); (4689.65, 57541.4); (4985.58, 57489.7); (5285.1, 57438.1)
(3990.39, 73673); (4091.83, 59031.3); (4241.93, 58480.7); (4262.23, 58147.6); (4267.27, 57333.9); (4280.43, 56631.9); (4298.66, 56206.3); (4338.12, 56199.4); (4382.66, 56183); (4411.4, 55682.7); (4527.23, 55347.9); (4607.03, 55327.6); (4673.07, 55257.1); (4684.74, 55235.3); (4918.97, 55207.3); (4965.04, 55186); (4970.15, 55185.4); (5062.68, 55169.5); (5095.07, 55169.1); (5187.61, 55158.1); (5240.61, 55136.2); (5321.81, 55119.6); (5546.11, 55092.3); (5604.43, 55070.4)
(3778.45, 63151.2); (4355.72, 57743.3); (4386.12, 57555.5); (4808.65, 56401.2); (4817.14, 51979.7); (4869.92, 48532.1); (4976.22, 47949.2); (5077.1, 44779.4); (5192.97, 44754.7); (5205.95, 44657); (5284.69, 42652.1); (5428.9, 42285.1); (5537.95, 42134.2); (5634.01, 42121.6); (5646.83, 41932.2); (5844.11, 41912.8); (5863.65, 41895.4); (5885.82, 41873.6); (5893.34, 41803.1); (5964.76, 41750.9); (6094.58, 41730.5); (6188.61, 41692.3); (6214.04, 41679.5); (6301.04, 41672.9); (6305.71, 41671.9); (6344.61, 41668.1); (6391.5, 41639.3); (6395.31, 41630.1); (6439.15, 41621); (6474.5, 41617.4); (6530.49, 41609.5); (6617.54, 41571.6); (6647.61, 41568); (6683.99, 41558.8); (6842.46, 41558.3); (6863.05, 41557); (6877.93, 41509.4); (7000.04, 41507.6); (7023.68, 41506.4); (7173.47, 41505.9); (7215.22, 41457); (7333.3, 41455.2); (7528.03, 41405.8)
(8635.29, 151693); (8731.95, 125371); (9015.69, 115941); (9267.01, 114323); (9274.25, 108373); (9390.67, 104575); (9636.95, 102582); (9723.02, 102445); (9725.2, 98834.6); (9859.16, 93094.8); (9951.12, 93032); (10078.1, 93023.2); (10251.1, 92973.6); (10327.6, 92968.1); (10479.4, 92964.7); (10519.2, 92924.4); (10602.7, 92915.6); (10746.5, 92908.9); (10754.3, 92882.8); (10852.7, 92880.2); (10911.5, 92873.7); (10959.2, 92856.5); (11113.2, 92817.9); (11128.8, 92711.2); (11167.8, 92647.2); (11242.5, 92643.9); (11389.3, 92631.6); (11448.3, 92623.2); (11499.6, 92591.1); (11541.4, 92585.9); (11607.8, 92582.3); (11784.2, 92567.2); (11809, 92542); (11823.2, 92533.1); (11878, 92529.8); (12078.2, 92518); (12163.7, 92509.1); (12187.7, 92480.6); (12352.5, 92470.2); (12470.8, 92456.7); (12637.3, 92446.2); (12829.7, 92421.9); (12987.6, 92381.9); (13150.8, 92371.5); (13512.4, 92322.3)
(7919.77, 127092); (8055.82, 122570); (8507.51, 122108); (8855.73, 110476); (9065.45, 102883); (9094.72, 102776); (9142.02, 100705); (9464.93, 100293); (9522.58, 100195); (9563.65, 100077); (9733.13, 100019); (9892.4, 99997.4); (9941.29, 99977.1); (10003, 99966.6); (10071.8, 99958.4); (10098.6, 99953); (10156.7, 99555.6); (10160.2, 99524); (10179.1, 99516.1); (10244.7, 99497.6); (10276.7, 99466.8); (10393.9, 99463.2); (10541.5, 99455.4); (10621.7, 99451.7); (10627.5, 99445.9); (10637.2, 99406.1); (10885.6, 99388.8); (11125.7, 99356.7); (11292.8, 99339.5); (11383.4, 99339.4); (11785.4, 99290.1); (12108.1, 99238.3)
(9119.04, 121812); (9700, 118627); (9756.33, 114348); (9946.35, 109029); (10386.9, 101112); (10571.7, 100138); (10690.9, 99078.2); (10829.3, 96609.2); (11011.5, 96199.9); (11179.8, 95909.4); (11264.6, 94489); (11351, 93159.2); (11432.6, 93049.8); (11460.5, 93045); (11470.4, 91769.8); (11535.9, 91756.7); (11626.1, 91756.6); (11700, 91748.8); (11757.2, 91742); (11790.7, 91717.9); (11811.4, 91711.1); (11833.5, 91709.9); (11987.9, 91697.8); (12068, 91697.6); (12088.6, 91666.7); (12145.9, 91659); (12210.9, 91652.1); (12415.1, 91646.8); (12478.5, 91607.7); (12600.6, 91600.9); (12769, 91595.6); (12834.5, 91595.3); (12838.6, 91594.2); (12861.8, 91589); (12890.5, 91546); (12987, 91545.8); (13026.2, 91545.2); (13167.1, 91538.9); (13231, 91533.8); (13284, 91533.7); (13300.8, 91533.1); (13318.5, 91503.6); (13434.4, 91503.5); (13484.6, 91484.1); (13544.8, 91481.2); (13738.3, 91480.4); (13824.3, 91474.1); (13979.4, 91443.9); (13988.2, 91434.9); (14015.3, 91432); (14104.4, 91419.3); (14215.7, 91418.5); (14597.5, 91384.9); (14639.1, 91370); (14663.5, 91369.3)
(10154.6, 128782); (10186.6, 113628); (10801.5, 109461); (10880.4, 106925); (10990.8, 106352); (11447.1, 104967); (11603.5, 89134.9); (12300.5, 86520.8); (12413.2, 82220); (12453.7, 81419.8); (12586.7, 81319.7); (12615.9, 81275.9); (12681.5, 81255.8); (12681.6, 81251.1); (13014, 81201.3); (13094.8, 81164.2); (13171, 81154.6); (13178.9, 81143.5); (13261.1, 81093.7); (13424.2, 81075.2); (13453.6, 81056.9); (13475, 81002.4); (13616.2, 80983.9); (13706, 80934); (13934.7, 80918.1); (13935.3, 80884.7); (13970, 80709.4); (14652.7, 80669.4); (14840.1, 80608.4); (14866.2, 80527.4); (15153.7, 80380.1); (15356.1, 80223.4); (15379.6, 80110.5); (15789.2, 80071.7); (15836, 79972.4); (15890.5, 79875.1); (16082.1, 79825.6); (16131.3, 79808.4); (16218.4, 79796.8); (16333.9, 79787.1); (16591.9, 79748.4); (16602.7, 79737.3); (16826.3, 79727.5); (16997.4, 79679.6); (17139, 79678.5); (17309.8, 79668.7); (17516.8, 79620.8); (17695.4, 79611.1); (18041, 79610.9); (18182, 79561.6); (18655.6, 79561.2); (18816.3, 79512.4); (19308.5, 79512)
(13792.9, 183723); (14464.4, 170764); (14496.3, 169751); (14554.3, 166028); (14616.6, 165788); (14619.3, 165427); (14761.3, 165318); (14763.4, 164599); (14828.3, 162847); (15160.3, 162451); (15304.3, 162438); (15376.1, 159543); (15384.2, 157338); (15526.9, 157274); (15983.8, 157066); (16079.1, 156516)
(12431.5, 155970); (12441, 152115); (12648.7, 146942); (12937.6, 146865); (13283.2, 146843); (13369.9, 146798); (13481.8, 146228); (13636.2, 144129); (14400.7, 143309); (14560.8, 143115); (14839.5, 142769); (14884.7, 142646); (15977.9, 142580)
(13724.4, 181049); (13941.5, 180295); (14124.2, 175100); (14343.2, 168746); (14801.4, 165648); (14877.9, 164735); (14974.7, 163832); (15004.3, 161742); (15457, 161690); (15565.4, 161550); (15657.9, 161035)
(14284.4, 191460); (14454.2, 187423); (14887.6, 187114); (14984.7, 180253); (15281.2, 179209); (15324.2, 179076); (15434.8, 177949); (15531, 177338); (15977, 176884); (16134.2, 176714); (16304.9, 176369); (16793.8, 176164); (16921.7, 175536); (16964.3, 174751); (17151.5, 174478); (17742.4, 173711); (17909.7, 173467)

(1547.95, 15445.3); (1573.07, 10131.8); (1737, 9372.22); (1770.44, 8778.63); (1826.93, 8471.72); (1830.38, 8442.16); (1884.5, 8318.86); (1885.86, 8266.25); (1933.97, 8215.61); (1940.2, 8183.52); (1959.3, 7949.27); (2000.2, 7821.68); (2065.15, 7693.64); (2115.34, 7594.38); (2144.86, 7591.92); (2199.34, 7586.34); (2212.87, 7538.63); (2222.79, 7487.08); (2245.64, 7471.43); (2352.69, 7433.8); (2376, 7418.15); (2388.19, 7384.38); (2397.96, 7366.6); (2520.36, 7331.1); (2521.43, 7313.31); (2640.57, 7302.01); (2686.2, 7261.96); (2781.66, 7250.75); (2800.48, 7250.67); (2860.46, 7212.77); (2945.27, 7199.41); (3120.77, 7150.21)
(1552.56, 12789.3); (1643.52, 12489.6); (1680.2, 11214.6); (1770.98, 10086.6); (1802.49, 8306.54); (1837.43, 7657.5); (1936.51, 7121.12); (1988.35, 6959.35); (2010.57, 6758.14); (2017.87, 6663.59); (2072.58, 6602.72); (2094.83, 6442.9); (2123.47, 6431.83); (2134.7, 6353.19); (2215.56, 6086.55); (2282.48, 6083.45); (2336.88, 6040.6); (2341.53, 6036.7); (2343.62, 6013.16); (2345.52, 5987.73); (2352.4, 5837.35); (2383.04, 5835.23); (2416.58, 5808.81); (2484.92, 5763.97); (2511.43, 5761.85); (2531.17, 5738.54); (2549.88, 5735.42); (2614.5, 5714.18); (2640.12, 5712.06); (2651.76, 5665.15); (2776.87, 5663.16); (2783.01, 5615.36); (2812.74, 5614.14); (2849.97, 5612.53); (2943.93, 5564.35); (2978.91, 5562.74); (3009.96, 5561.52); (3110.54, 5559.95); (3140.52, 5511.73); (3239.54, 5510.16); (3270.53, 5508.94); (3364.68, 5462.55); (3401.16, 5459.15); (3625.21, 5409.98)
(1510.74, 9338.72); (1589.81, 9191.74); (1596.53, 8558.61); (1686.2, 8375.41); (1715.49, 8294.95); (1722.33, 8151.93); (1784.25, 8053.39); (1836.41, 8014.16); (1861.31, 7977.65); (1902.48, 7938.41); (2049.17, 7916.27); (2097.61, 7877.03); (2272.49, 7857.98); (2309.31, 7821.74); (2321.02, 7818.75); (2535.73, 7763.46)
(1602.21, 10399.6); (1803.34, 10208.9)
(2567.26, 19880.3); (2633.01, 14724.8); (2636.24, 14346.4); (2703.65, 14288.1); (2713.42, 14061.9); (2954.45, 13840.7); (3055.08, 13728.9); (3066.92, 13661.4); (3136.5, 13613.8); (3139.42, 13610.2); (3208.55, 13561); (3254.45, 13526.5); (3263.7, 13280.9); (3264.22, 13262.5); (3405.85, 13104.4); (3615.77, 13053.2); (3815.36, 13034); (3919.51, 13030.2); (3922.72, 13003); (3977.06, 12982.9); (4205.4, 12953.4); (4271.5, 12933.2); (4286.26, 12932.7); (4569.97, 12883)
(3721.7, 26616.7); (3799.78, 26133.7); (3969.31, 24729.2)
(2945.47, 22067); (3129.94, 16635.8); (3225.33, 15742.7); (3275.55, 14605.9); (3394.08, 13754); (3551.28, 13378.3); (3579.72, 13287.6); (3645.6, 12920); (3920.74, 12843.9); (3928.58, 12830.1); (3991.49, 12823.4); (4060.28, 12810.4); (4095.43, 12788.6); (4104.19, 12782.8); (4225.28, 12733.5); (4276.47, 12720.5); (4358.64, 12713.8); (4487.01, 12673.2); (4600.27, 12623.9); (4828.33, 12620.7); (4869.65, 12620.3); (4952.65, 12571.4); (4981.07, 12571); (5208.95, 12567.8); (5329.46, 12518.5); (5846.92, 12516.6); (5966.63, 12467.3)
(3436.22, 15814.6); (3457.24, 15782.7); (3497.07, 15227.9); (3501.59, 15199.2); (3575.65, 15164.7); (3862.92, 15104)
(8074.82, 57633.5); (8165.17, 55782.6); (8213.08, 46028); (8256.44, 44050.7); (8570.61, 43995.9); (8674.88, 43109.9); (8840.67, 42539)
(5341.42, 28529.4); (5405.31, 28387.3); (5687.97, 28046.6); (5731.43, 28007.3); (5792.09, 27906.6); (5794.26, 27872.1); (5893.45, 27811.8); (5943.7, 27701.4); (6048.2, 26582.7); (6087.86, 24269.7); (6343.7, 24132.2); (6358.72, 23962.6); (6360.14, 23945.2); (6416.91, 23844.6); (6500.03, 23749.7); (6573.64, 23713.6); (6593.37, 23657); (6758.34, 23654.9); (6790.71, 23637.9); (6836.59, 23616.2); (6865.17, 23576); (6923.88, 23546.2); (6935.9, 23515.6); (6958.23, 23496.5); (6969.98, 23493); (7063.62, 23454.5); (7118.41, 23439); (7119.72, 23420); (7173.65, 23359.6); (7204.13, 23340.6); (7433.1, 23271.2); (7584.92, 23261.9); (7610.95, 23218); (7734.79, 23212.7); (7857.69, 23210.7); (7990.1, 23201.5); (8000.77, 23157.5); (8156.09, 23152.3); (8414.19, 23149.2); (8414.65, 23145.7); (8521.79, 23104.2); (8578.2, 23100); (8686.74, 23098.9); (8938.56, 23095.9); (8990.03, 23088.3); (9094.11, 23046.7); (9518.37, 23045.8); (9527.35, 23044.8); (9677.37, 22995.6)
(6624.2, 35320.6); (6793.2, 33213.4); (6823.84, 33059.6); (6844.61, 32822.8); (7039.57, 32573.8); (7043.11, 32406.3); (7163.86, 32155.7); (7443.26, 32052.9); (7601.29, 31959.9); (7931.17, 31895.5); (8034.69, 31885.7); (8127.03, 31878.8); (8181.86, 31792.6); (8654.48, 31723.5); (8726.84, 31711.6); (9050.39, 31664.8); (9205.63, 31642.4); (9336.53, 31633.3); (9512.67, 31595.7); (9590.59, 31583.7); (9802.76, 31564.1); (10058.1, 31514.6); (10533.6, 31501.7); (10785.2, 31452.1)
(7992.99, 43875.8); (8049.1, 43745.5); (8049.28, 40746.2); (8101.13, 37512.9); (8234.73, 33696.7); (8603.12, 33240.9); (8695.57, 32705)
(4006.92, 62089.2); (4181.02, 60866.4); (4234.66, 57614.1); (4849.89, 57516); (4860.02, 57106.4); (4913.42, 53766.8); (4921.66, 48400.6); (4941.49, 46024.3); (5145.84, 45728); (5155.25, 45640); (5181.63, 44319.5); (5231.15, 43753.8); (5343.82, 43495.7); (5378.64, 43482.7); (5404.53, 43471.7); (5472.24, 43451.4); (5480.72, 43441.9); (5489.64, 43415.6); (5521.69, 43323.3); (5581.34, 43237.2); (5596.17, 43235.3); (5630.09, 43167.2); (5811.24, 43087.7); (5863.37, 43067.2); (5869.59, 42979.8); (5916.6, 42959.7); (5981.48, 42924.8); (5982.5, 42881.2); (6004.96, 42871.8); (6105.19, 42820.1); (6190.38, 42767.8); (6309.66, 42756.7); (6407.6, 42707.4); (6440.97, 42704.5); (6496.13, 42701.9); (6520.28, 42701.7); (6609.12, 42652.4); (6759.16, 42644.3); (6864.96, 42641.7); (6888.64, 42641.5); (6972.89, 42592.2)
(3803.42, 60783.5); (3804.88, 60777.1); (3809.31, 59002.5); (3816.62, 58155.3); (4012.88, 58114.9); (4014.37, 58055.3); (4047.86, 57812.3); (4063.71, 57773.4); (4070.08, 57743.9); (4088.79, 57739.6); (4138.71, 57703.2); (4171.9, 57687.8); (4210.12, 57604.1); (4221.28, 57588.7); (4259.44, 57556.8); (4391.95, 57502.2); (4592.3, 57494.2); (4684.91, 57442.3); (4991.86, 57390.6); (5285.91, 57339)
(3848.22, 69724.9); (3898.6, 59012.4); (3986.78, 55784.9); (4119.93, 54127.4); (4251.36, 53927.6); (4252.34, 53522.9); (4261.36, 53232.6); (4382.25, 52506.6); (4387.4, 52406.3); (4538.93, 52406.1); (4580.59, 52376.7); (4587.93, 52329.8); (4610.91, 52313.5); (4636.83, 52297); (4724.18, 52275.2); (4772.75, 52258.8); (4924.99, 52247.2); (4976, 52225.3); (5049.14, 52209); (5218.3, 52198); (5264.16, 52176.1); (5315.53, 52159.5); (5398.66, 52159.4); (5552.17, 52132.2); (5593.22, 52126.6); (5609.22, 52110.3); (5660.46, 52110); (5954.31, 52060.8)
(4281.8, 68272.4); (4425.04, 65002.9); (4463.23, 63099.1); (4611.69, 59333.8); (4657.07, 55436.7); (4791.91, 51038); (4924.85, 50498.8); (5133.05, 47673.1); (5173.67, 46421.2); (5192.32, 45318.4); (5244.58, 45156.7); (5376.56, 43941); (5381.92, 43676.7); (5426.71, 43653.1); (5459.62, 42070.4); (5516.38, 41897.3); (5672.13, 41884.7); (5725.85, 41845.4); (5771.3, 41838.8); (5776.53, 41832.7); (5869.01, 41826.1); (5931.49, 41826); (5938.35, 41774); (5998.16, 41744.3); (6046.77, 41731.5); (6171.85, 41715.5); (6186.97, 41694.9); (6195.73, 41679.5); (6289.77, 41672.9); (6328.91, 41666.9); (6332.73, 41642.9); (6430.68, 41621); (6536.89, 41609.5); (6548.22, 41608.3); (6619.07, 41580.7); (6631.68, 41571.6); (6719.22, 41558.9); (6855.32, 41557.1); (6857.53, 41555.9); (6956.66, 41528.3); (6961.51, 41519.1); (7045.85, 41507.8); (7059.55, 41506.5); (7180.9, 41504.7); (7195.34, 41458.2); (7336.9, 41455.2); (7530.83, 41405.8)
(8228.74, 125151); (9000.82, 121111); (9134.42, 116054); (9254.2, 111062); (9278.92, 97172.4); (9852.61, 95879.8); (9968.54, 95302.2); (10097.4, 95292); (10186.5, 93867.2); (10217, 93590.1); (10296.4, 93305.3); (10383.9, 93272.7); (10597.6, 93216); (10700.7, 93050.5); (10726.3, 92869.6); (10738.8, 92858.4); (10764, 92811.2); (10794.9, 92731.8); (11026.6, 92699.4); (11049.6, 92644.3); (11079.4, 92537.4); (11186, 92513.1); (11203.6, 92509.9); (11322.3, 92498.5); (11340, 92476.7); (11403, 92465.2); (11530.6, 92449.2); (11661, 92412.8); (11906.8, 92408.4); (11929.3, 92398.5); (11939.1, 92305.5); (12000.7, 92292.7); (12142.1, 92256.3); (12269.7, 92254.2); (12298.6, 92248.6); (12300.2, 92245.3); (12368.5, 92242); (12631.5, 92237.7); (12635.5, 91542.1); (12639.5, 91497.2); (12948.1, 91473.3); (13432.7, 91472); (13460.8, 91422.9)
(7887.67, 132035); (8689.82, 123160); (8776.86, 121531); (8800.45, 103078); (8807.31, 102970); (8841.67, 102735); (8950.5, 102674); (9115.21, 102634); (9142.02, 100739); (9204.65, 100145); (9481.03, 100084); (9568.46, 100009); (9591.75, 99868.4); (9690.4, 99796); (9875.13, 99768.9); (9881.8, 99738.1); (9986.21, 99735.2); (9996.38, 99726.1); (9998.86, 99715.6); (10006.5, 99684.8); (10156.7, 99342.1); (10184.7, 99292.9); (10267.2, 99274.4); (10309.3, 99243.6); (10551.2, 99232.2); (10613.2, 99228.5); (10656.2, 99182.9); (10910.2, 99167.7); (10962.3, 99165.6); (11142.4, 99133.5); (11312.7, 99116.3); (11414.8, 99116.2); (11799.7, 99066.9)
(8922.35, 139465); (9236.27, 116582); (9336.14, 110485); (10222.8, 109529); (10392.1, 101285); (10582, 100830); (10662.5, 99141.7); (10795.5, 97700.3); (10867.8, 97122.9); (10870.6, 94062.8); (10934.7, 93063.6); (11104, 92807.2); (11470.4, 91944.2); (11707.8, 91839.6); (11946.6, 91820.2); (12031.8, 91760); (12046.6, 91753.9); (12054, 91749.8); (12122.1, 91732.9); (12138.3, 91724.4); (12194.8, 91718.2); (12230.7, 91712.9); (12236.1, 91653.9); (12434.2, 91648.1); (12526, 91646.9); (12564.1, 91642.1); (12621.3, 91604); (12757.2, 91602.8); (12760.2, 91602.2); (12786.7, 91600.6); (12793.3, 91575.1); (12907.2, 91553); (12996.1, 91550.7); (13002.4, 91545.8); (13021.1, 91545.2); (13136.1, 91542.9); (13137.2, 91542.3); (13139.5, 91542.1); (13197.9, 91502.9); (13370.8, 91496.8); (13459.6, 91488); (13535.2, 91484.2); (13549.5, 91483.3); (13717.3, 91453.7); (13775.4, 91446.8); (13843.8, 91438.1); (13863.3, 91434.1); (14023.6, 91432); (14087.1, 91431.2); (14095.5, 91419.3); (14161.9, 91418.5); (14350.5, 91384.9); (14416.2, 91382); (14499, 91369.3); (14987, 91320.1)
(10208, 123212); (10608.8, 120326); (10749.8, 105907); (11572.1, 105331); (11621.1, 103382); (11675.5, 101437); (12069.5, 91318.3); (12619.5, 86669.2); (12654.9, 85432.8); (13240.8, 84459.3); (13421.2, 82505); (13566.8, 80714); (13780.9, 80654.7); (13832.3, 80547.9); (14098.6, 80242.3); (14416.7, 79948.9); (14589, 79370.3); (14730, 79000.8); (15057.4, 78953.2); (15328.5, 78929.3); (15439, 78864.4); (15744.1, 78854.6); (15845.1, 78776); (15905.2, 78746.2); (16098.3, 78715.7); (16308, 78661.4); (16439.3, 78651.5); (16646.9, 78605.9); (16923.1, 78547); (17332.8, 78537.4); (17524, 78533.2); (17526.5, 78497.4); (17740.6, 78487.2); (17941.5, 78477.5); (18142.6, 78437.8); (18259.3, 78428.2); (18410.4, 78428); (18728.5, 78388.6); (18807.7, 78378.6); (19393, 78329.4)
(13356.7, 184819); (13407.7, 176977); (13670, 176965); (14018.8, 176153); (14267.7, 174914); (14412.9, 168410); (14598.1, 168074); (14694.8, 160906); (14714.6, 160621); (14762.3, 160248); (15040.1, 159486); (15268.3, 159473); (15384.2, 157338); (15402.7, 157326); (15498.7, 157274); (15527.4, 157201); (16003.6, 157085); (16099, 156555); (17205.9, 156360)
(11875.7, 154593); (12018.6, 151901); (12315.8, 151647); (12404.8, 150986); (12594.5, 150848); (12937, 147923); (13061.4, 146990); (13097.8, 146690); (13107.3, 146638); (13351.8, 146637); (13448.3, 146438); (13565.4, 146387); (13679.6, 145040); (13742, 144280); (13790.4, 143647); (13890.8, 143631); (14044.1, 143449); (14079.2, 143229); (14560.8, 142588); (14839.5, 142182); (15558.5, 141737); (15568.4, 141706); (15571.2, 141670)
(13467.2, 176026); (14044.9, 172673); (14094.5, 170352); (14467, 169076); (14508.3, 169037); (14720.4, 168979); (14801.4, 164735); (14938.3, 164267); (14974.7, 163832); (15004.3, 161742); (15457, 161690); (15565.4, 161550); (15657.9, 161035)
(14044.4, 201405); (14327.2, 194331); (14910.1, 186909); (15022.3, 182735); (15206, 182491); (15390.7, 178363); (15486.3, 177391); (15946.3, 176886); (16400.5, 176762); (16400.7, 176545); (16434.2, 176509); (16442, 176286); (16459.4, 176271); (16912.2, 175421); (16964.3, 174640); (17151.5, 174367); (17742.4, 173711); (17909.7, 173467)
